[header]
width=32
height=16
tilewidth=16
tileheight=16

[tilesets]
tileset=dungeon_tileset.png,16,16,0,0

[layer]
type=Tile Layer 1
data=
0,0,0,0,0,0,0,1,1,1,1,1,1,1,1,1,1,1,1,1,1,1,1,1,0,0,0,0,0,0,0,0,
0,0,0,0,1,1,1,1,1,1,1,2,2,1,1,1,1,1,1,1,1,1,2,1,1,1,1,0,0,0,0,0,
0,0,0,1,1,1,1,1,1,1,1,1,2,2,1,1,1,11,1,1,1,1,1,1,1,1,1,1,0,0,0,0,
0,0,0,1,1,1,1,1,1,11,1,1,1,1,1,1,1,1,1,1,1,1,1,1,1,1,1,1,0,0,0,0,
0,0,0,9,0,5,0,9,0,0,0,9,0,10,0,9,0,5,0,9,0,10,0,9,0,0,0,9,0,0,0,0,
0,0,0,17,0,0,0,17,0,0,0,17,0,10,0,17,0,0,0,17,0,10,0,17,0,0,0,17,0,0,0,0,
0,0,0,17,0,0,0,17,0,0,0,17,0,10,0,17,0,0,0,17,0,10,0,17,0,0,0,17,0,0,0,0,
0,0,0,17,0,0,0,17,0,0,0,17,18,19,20,17,0,0,0,17,18,19,20,17,0,0,0,17,0,0,0,0,
0,0,0,17,0,0,0,17,0,0,0,17,26,27,28,17,0,0,0,17,26,27,28,17,0,0,0,17,0,0,0,0,
0,0,0,17,0,0,0,17,0,0,0,17,0,0,0,17,0,0,0,17,0,0,0,17,0,0,0,17,0,0,0,0,
0,0,0,17,0,0,0,17,0,0,0,17,0,0,0,17,0,0,0,17,0,0,0,17,0,0,0,17,0,0,0,0,
0,0,0,25,0,4,0,25,0,4,0,25,0,0,0,25,0,4,0,25,0,0,0,25,0,4,0,25,0,0,4,0,
1,1,1,3,1,1,1,3,1,1,1,3,1,1,1,3,1,1,1,3,1,1,1,3,1,1,1,3,1,1,1,1,
1,1,1,1,1,1,1,1,1,1,1,1,1,1,1,1,1,1,1,1,1,1,1,1,2,1,1,1,1,1,1,1,
1,1,1,1,2,2,1,1,1,1,1,1,1,1,1,1,1,1,1,1,1,1,2,2,1,1,1,1,11,1,1,1,
1,1,11,1,1,2,2,2,2,1,1,1,1,1,2,1,1,1,1,1,1,1,1,1,1,1,1,1,1,1,1,1

[layer]
type=Tile Layer 2
data=
0,0,0,0,0,0,0,0,0,0,0,0,0,0,0,0,0,0,0,0,0,0,0,0,0,0,0,0,0,0,0,0,
0,0,0,0,0,0,0,0,0,0,0,0,0,0,0,0,0,0,0,0,0,0,0,0,0,0,0,0,0,0,0,0,
0,0,0,0,0,0,0,0,0,0,0,0,0,0,0,0,0,0,0,0,0,0,0,0,0,0,0,0,0,0,0,0,
0,0,0,0,0,0,0,0,0,0,0,0,0,0,0,0,0,0,0,0,0,0,0,0,0,0,0,0,0,0,0,0,
0,0,0,0,0,0,0,0,0,0,0,0,0,0,0,0,0,0,0,0,0,0,0,0,0,0,0,0,0,0,0,0,
0,0,0,0,0,0,0,0,0,0,0,0,0,0,0,0,0,0,0,0,0,0,0,0,0,0,0,0,0,0,0,0,
0,0,0,0,0,0,0,0,0,0,0,0,0,0,0,0,0,0,0,0,0,0,0,0,0,0,0,0,0,0,0,0,
0,0,0,0,0,0,0,0,0,0,0,0,0,0,0,0,0,0,0,0,0,0,0,0,0,0,0,0,0,0,0,0,
0,0,0,0,0,0,0,0,0,0,0,0,0,0,0,0,0,0,0,0,0,0,0,0,0,0,0,0,0,0,0,0,
0,0,0,0,0,0,0,0,0,0,0,0,0,0,0,0,0,0,0,0,0,0,0,0,0,0,0,0,0,0,0,0,
0,0,0,0,0,0,0,0,0,0,0,0,0,0,0,0,0,0,0,0,0,0,0,0,0,0,0,0,0,0,0,0,
0,0,0,0,0,0,0,0,0,0,0,0,0,0,0,0,0,0,0,0,0,0,0,0,0,0,0,0,0,0,0,0,
0,0,0,0,0,0,0,0,0,0,0,0,0,0,0,0,0,0,0,0,0,0,0,0,0,0,0,0,0,0,0,0,
0,0,0,0,0,0,0,0,0,0,0,0,0,0,0,0,0,0,0,0,0,0,0,0,0,0,0,0,0,0,0,0,
0,0,0,0,0,0,0,0,0,0,0,0,0,0,0,0,0,0,0,0,0,0,0,0,0,0,0,0,0,0,0,0,
0,0,0,0,0,0,0,0,0,0,0,0,0,0,0,0,0,0,0,0,0,0,0,0,0,0,0,0,0,0,0,0

